0953703100
0953800000
0953902200
0963703100
0963803010
0963900000
0973701300
0973801000
0973902100
1050401300
1050500300
1050601300
1060401100
1060501100
1060600000
1070400000
1070502000
1070600100
1030001200
1030100300
1040001200
1040101300
1050003100
1050100000
3166503000
3166601100
3166700100
3176501000
3176602200
3176700300
3186500200
3186601000
3186702000
5450403000
5450501000
5450602100
5460403200
5460503200
5460602000
5470402100
5470500300
5470603300
3114900200
3115000000
3115101000
3124902100
3125002200
3125101200
3134900200
3135003300
3135101000
