0404102100
0404201300
0404300100
0414120000
0414241000
0414303000
0424102000
0424202200
0424333300
0894101000
0894201000
0894300100
0904100300
0904202200
0904300100
0914103000
0914202200
0914301300
2994500000
2994600200
2994703300
3004503000
3004600200
3004700300
3014503100
3014601100
3014701000
3143702000
3143801000
3143900000
3153702300
3153800300
3153902300
3163703300
3163802300
3163902300
3574500000
3574601200
3574732300
3584500100
3584642100
3584700300
3594502100
3594622300
3594701100
4893300200
4893401300
4893503300
4903303200
4903442100
4903500300
4913303000
4913421300
4913502000
