5459101000
5459202200
5459301100
5469102300
5469201200
5469301000
5479102300
5479202000
5479301000
5415800200
5415901300
5416003000
5425800300
5425901300
5426003000
5435803200
5435903100
5436003000
3455302000
3455403200
3455503300
3465302300
3465403200
3465502300
3475301300
3475400200
3475501100
1327701000
1327801200
1327903000
1337700300
1337801300
1337903300
1347703000
1347803000
1347902200
1015803300
1015902100
1016003200
1025801300
1025901000
1026000200
1035803300
1035901300
1036002300
1374900300
1375003100
1375100100
1384903100
1385000100
1385101200
1394902100
1395000100
1395103200
