0437501200
0437601300
0437700200
0447502000
0447601200
0447701300
0457501100
0457602000
0457703200
0534203100
0534300300
0534402000
0544201200
0544303000
0544400200
0554203300
0554302300
0554400100
1553701100
1553801200
1553901200
1563701100
1563800000
1563903100
1573701100
1573801000
1573902300
3689300000
3689402100
3689502300
3699302300
3699401300
3699500100
3709303000
3709402000
3709501300
4934200300
4934302000
4934402200
4944200100
4944302300
4944401000
4954201100
4954301100
4954402000
3634903100
3635001300
3635103000
3644902000
3645001200
3645100000
3654901100
3655000300
3655102000
