0903703200
0903800200
0903903300
0913700100
0913803300
0913900100
0923700300
0923801000
0923902300
1403703300
1403802000
1403903100
1413701000
1413803300
1413902100
1423703000
1423802000
1423901200
3574500000
3574601200
3574732300
3584500100
3584602100
3584700300
3594502100
3594632300
3594701100
3553700000
3553800200
3553902000
3563702100
3563821100
3563901100
3573702100
3573842300
3573902100
3583703000
3583802000
3583903100
4391302000
4391403000
4391501200
4401300100
4401400200
4401500000
4411300100
4411400100
4411500300
