2538302100
2538403100
2538501300
2548302300
2548403210
2548500100
2558301000
2558401000
2558503100
2435002200
2435101100
2435202200
2445003100
2445102300
2445201000
2455003000
2455102200
2455203100
4534500000
4534602200
4534702000
4544503000
4544600300
4544703100
4554502000
4554601100
4554703100
4308501300
4308600100
4308700100
4318500000
4318602000
4318701000
4328502200
4328600000
4328701300
1955003200
1955102000
1955200200
1965000200
1965100300
1965202100
1975000300
1975100000
1975200200
4354902300
4355003200
4355103100
4364903300
4365001100
4365102300
4374903200
4375003200
4375101200
