2510300100
2510402000
2510502300
2520303300
2520401000
2520502200
2530302000
2530403300
2530502100
2413600000
2413703300
2413800200
2423602100
2423703100
2423802200
2433602300
2433703200
2433800100
4514101200
4514203300
4514301200
4524100300
4524203300
4524303300
4534103100
4534203200
4534300200
4322303200
4322403200
4322502000
4332301100
4332401300
4332503200
4342300000
4342403100
4342503300
1973600010
1973703300
1973800300
1983601100
1983703100
1983800000
1993603110
1993701300
1993802200
4374903200
4375003200
4375101200
4384902100
4385003100
4385103100
4394901300
4395003300
4395101000
