1531302200
1531401200
1531502000
1541300100
1541403000
1541503200
1551303000
1551403300
1551501300
1434601300
1434701200
1434802300
1444603200
1444701300
1444800000
1454600200
1454703000
1454802200
3535103300
3535201300
3535302000
3545100300
3545202310
3545301200
3555101300
3555203300
3555302300
5301300200
5301400300
5301501100
5311301300
5311403200
5311502200
5321302300
5321402200
5321502300
2954603000
2954700200
2954803300
2964601000
2964700000
2964802200
2974603300
2974701300
2974802100
5354903000
5355001100
5355100300
5364902200
5365002300
5365101100
5374901000
5375003000
5375101200
