2499100300
2499203200
2499302200
2509100100
2509201200
2509301100
2519102100
2519203300
2519301200
2397201000
2397301100
2397400300
2407201000
2407303300
2407403300
2417202100
2417301100
2417400100
4496700000
4496802100
4496902300
4506701200
4506802200
4506901000
4516702100
4516800200
4516903200
4346303200
4346403300
4346503200
4356300100
4356403100
4356501300
4366303200
4366402300
4366501100
1997201000
1997300100
1997400200
2007203300
2007302200
2007401100
2017200100
2017301300
2017403000
4394901300
4395003300
4395101000
4404900100
4405000000
4405102200
4414900200
4415001100
4415101100
