0451100000
0451202300
0451302210
0461101000
0461203300
0461301000
0471103300
0471202300
0471302100
0554400100
0554503300
0554600300
0564402000
0564501300
0564600000
0574401300
0574503200
0574602100
1534901100
1535003200
1535103200
1544901300
1545000000
1545103100
1554901300
1555003300
1555102200
3661503000
3661600200
3661701100
3671500100
3671600210
3671701300
3681500200
3681601100
3681700100
4954402000
4954501300
4954602300
4964401300
4964501000
4964601200
4974403100
4974502300
4974602100
3614900300
3615001300
3615102000
3624902300
3625003000
3625102100
3634903100
3635001300
3635103000
