5394903300
5395001100
5395100200
5404902100
5405000000
5405103100
5414901200
5415003000
5415102100
4955991000
4956092200
4956190100
4965990300
4966050300
4966192000
4975991300
4976091000
4976190200
4531390200
4531492000
4531593100
4541392000
4541442300
4541591200
4551390100
4551490000
4551590000
5056092100
5056190200
5056291010
5066091000
5066140200
5066271200
5076093100
5076191300
5076291200
5026193300
5026293000
5026391200
5036190300
5036242300
5036391200
5046193000
5046292000
5046390200
4985993200
4986093100
4986193110
