5046193000
5046292200
5046390300
5056190000
5056291210
5056393200
5066190300
5066291200
5066393100
4935991200
4936090000
4936193100
4945991200
4946043300
4946190300
4955991200
4956062000
4956190000
4531390000
4531492000
4531593200
4541392000
4541442000
4541591000
4551390100
4551490200
4551590000
5036093000
5036190300
5036292200
5046090300
5056092200
5016191200
5016290100
5016391300
5026193000
5026243200
5026391300
5036391300
5394903300
5395001200
5395100000
5404902100
5405000100
5405103200
5414901200
5415003100
5415102200
