0003902100
0004001200
0004102000
0013901100
0014001100
0014103300
2122400200
2122502200
2122603200
2132401100
2132502300
2132601200
2142401000
2142503200
2142601100
2496902100
2497000000
2497100000
2506900300
2507002300
2507100300
2516903000
2517003300
2517101000
4121100200
4121201200
4121302100
4131121210
4131202000
4131300000
4141100300
4141203000
4141300100
3997402200
3997503200
3997601300
4007402300
4007500000
4007603100
4017401200
4017501300
4017602000
4624902300
4625003100
4625102200
4634900100
4635000100
4635101300
4644902200
4645000200
4645100000
