4510501210
4510603200
4510703310
4520502000
4520601000
4520700100
4530501100
4530603000
4530703000
4413800100
4413900100
4414001100
4423803000
4423903000
4424003300
4433801200
4433900000
4434001100
4454303200
4454402300
4454501100
4464301200
4464401000
4464503000
4474303200
4474401100
4474501100
2322102200
2322203300
2322303300
2332101100
2332201300
2332301300
2342100200
2342200000
2342303100
0013802300
0013901100
0014001100
0023800100
0023903000
0024001300
0033803300
0033901200
0034000100
2374901000
2375001100
2375100300
2384900300
2385002000
2385103300
2394901000
2395000200
2395103000
