0036103300
0036201200
0036302100
0046103300
0046202100
0046301000
0056103000
0056200000
0056300000
0059400000
0059503300
0059600300
0069400000
0069503300
0069600200
0079401000
0079501300
0079602200
2039701000
2039801000
2039903000
2049700300
2049802000
2049903200
2059703100
2059801300
2059900100
4163303200
4163403100
4163503100
4173301300
4173402100
4173500200
4183303000
4183400000
4183503200
4459400000
4459502000
4459602300
4469402000
4469501100
4469601300
4479400300
4479501200
4479602300
4114903000
4115003100
4115103300
4124902100
4125002200
4125100100
4134901300
4135001000
4135103000
