5066150300
5066291200
5066393100
5076191200
5076201200
5076390300
5086190200
5086290300
5086390200
4965990100
4966090100
4966192000
4975991100
4976091100
4976190000
4985993000
4986043100
4986193010
4492402100
4492502300
4492602100
4502402300
4502501300
4502603100
4512402200
4512501200
4512602000
5394903000
5395001300
5395100300
5404902000
5405000100
5405103200
5414901200
5415003200
5415102100
5036190200
5036292000
5036391100
5046193300
5046262200
5046390300
5056190100
5056291110
5056393200
4995993200
4996091200
4996191300
