1557300200
1557400300
1557502300
1567300000
1567402300
1567502000
1577303200
1577402200
1577501200
1454001300
1454101200
1454200200
1464001000
1464102000
1464200000
1474000100
1474102300
1474200100
3553500200
3553602100
3553700000
3563502200
3563603100
3563702100
3573500300
3573602100
3573702100
5289500300
5289603100
5289701200
5299502200
5299603200
5299702000
5309500100
5309601300
5309701200
2934003300
2934103300
2934201100
2944000200
2944102200
2944203100
2954003000
2954102100
2954203000
5334901200
5335002300
5335103100
5344901100
5345000300
5345102000
5354903000
5355001100
5355100300
