1057303000
1057403100
1057503200
1067301200
1067403300
1067501200
1077300000
1077402100
1077501100
0959002300
0959102000
0959202000
0969002300
0969103100
0969203200
0979002000
0979103300
0979200100
3058500000
3058600100
3058702300
3068502300
3068600100
3068701100
3078500300
3078602200
3078703300
5184503200
5184602300
5184701010
5194501100
5194601000
5194702300
5204503000
5204600300
5204703200
3439003200
3439103300
3439202200
3449003000
3449101200
3449201200
3459002000
3459101000
3459201200
5134900200
5135003100
5135102200
5144900100
5145003100
5145103100
5154902100
5155002200
5155100300
