0992402100
0992503300
0992602200
1002401100
1002502300
1002601200
1012403000
1012500000
1012601000
2392401000
2392501100
2392600200
2402401200
2402500000
2402600100
2412400000
2412503000
2412602300
3498603200
3498701000
3498803200
3508603300
3508701100
3508801000
3518603100
3518701300
3518801200
3642400100
3642500000
3642603200
3652400200
3652503200
3652603000
3662401100
3662502000
3662600300
4128600200
4128703100
4128802100
4138623000
4138741300
4138801100
4148623300
4148723000
4148802200
5045500300
5045622000
5045700000
5055502000
5055643100
5055700200
5065503100
5065623300
5065730200
