3490502000
3490600100
3490701200
3500502000
3500602200
3500701300
3510501000
3510603300
3510702200
3392601200
3392702100
3392802300
3402600100
3402703300
3402803200
3412600000
3412702000
3412803000
5473102300
5473202100
5473300300
5483103000
5483202200
5483303200
5493103100
5493202100
5493302100
3343302300
3343401000
3343503300
3353303000
3353400200
3353501300
3363302200
3363400000
3363503100
0992603100
0992700110
0992802100
1002600200
1002700200
1002800100
1012600100
1012701300
1012800200
3394900300
3395003300
3395103000
3404901200
3405001300
3405103300
3414900200
3415001100
3415102000
