4496003100
4496102200
4496200000
4506003000
4506100200
4506203000
4516002100
4516103200
4516202100
5015982300
5016093200
5016181300
5025922000
5026041200
5026173200
5035903200
5036043200
5036140200
4046300000
4046403200
4046501200
4056302100
4056402100
4056502000
4066303100
4066403100
4066500100
4946003000
4946120100
4946202200
4956052000
4956100300
4956233300
4966090300
4966192200
4966252100
5015831000
5025841300
5035822200
5394903000
5395001300
5395100200
5404902200
5405000200
5405103200
5414901100
5415003100
5415102200
