0995703300
0995801200
0995901300
1005702300
1005800100
1005900100
1015700300
1015803300
1015902100
1392400000
1392500100
1392603200
1402403000
1402501200
1402603200
1412400200
1412500000
1412601300
2991901000
2992003300
2992103100
3001901300
3002003300
3002100000
3011902300
3012001300
3012101300
5128503000
5128603300
5128703110
5138503200
5138603300
5138703100
5148502000
5148602000
5148700000
3492401000
3492503100
3492601100
3502400300
3502501000
3502603100
3512400100
3512500100
3512602000
5394900000
5395003300
5395102100
5404903000
5405002300
5405102200
5414902100
5415000200
5415103000
