3932903200
3933000200
3933102000
3942903000
3943002000
3943103000
3952901300
3953002100
3953102200
4030201300
4030301000
4030401100
4040202000
4040301200
4040400100
4050201300
4050303300
4050401200
1930701300
1930803200
1930900100
1940703100
1940803200
1940902000
1950701100
1950802100
1950901100
0185700300
0185803000
0185900300
0195703300
0195802100
0195900100
0205702000
0205802200
0205903300
2530201300
2530302000
2530403300
2540202300
2540300200
2540401200
2550203300
2550300100
2550402100
0134902300
0135001000
0135101300
0144901000
0145002000
0145102100
0154901200
0155000100
0155103200
