3470100200
3470202200
3470301100
3480101100
3480202300
3480303300
3490103300
3490202100
3490301300
3573003300
3573101000
3573202100
3583002000
3583101100
3583200300
3593000100
3593103300
3593202200
1473500100
1473603000
1473701300
1483501100
1483600000
1483700300
1493501100
1493603300
1493700200
0642903000
0643000200
0643103100
0652901000
0653003100
0653102000
0662903100
0663002100
0663100000
2993002100
2993100300
2993203300
3003001200
3003102000
3003202100
3013000200
3013102100
3013201100
0594903200
0595000000
0595100100
0604900300
0605001100
0605102200
0614901200
0615000200
0615103000
