4538103300
4538202000
4538302200
4548103300
4548201000
4548301200
4558103200
4558201200
4558302300
4434800100
4434901100
4435001200
4444803000
4444902000
4445003200
4454800300
4454900000
4455003000
4434303200
4434401300
4434503200
4444303000
4444401200
4444500100
4454303200
4454402300
4454501100
2308703300
2308803100
2308900000
2318702300
2318800000
2318903200
2328700300
2328802100
2328900300
0034800300
0034900300
0035002200
0044803200
0044901300
0045003000
0054803000
0054902300
0055002200
2354901200
2355002300
2355102000
2364902100
2365003300
2365101100
2374901000
2375001100
2375100300
