4121401200
4121501100
4121601100
4131400100
4131501100
4131600000
4141491200
4141540000
4141601000
2891400200
2891501000
2891602100
2901402000
2901501200
2901600100
2911400200
2911501200
2911600100
3991401200
3991503000
3991603300
4001403200
4001503000
4001602100
4011400000
4011502300
4011603000
3641401100
3641502000
3641601100
3651403300
3651502100
3651602300
3661400000
3661503000
3661600200
4132400300
4132503100
4132600000
4142401300
4142500300
4142600210
4152400100
4152500100
4152600210
4151401000
4151500200
4151602200
