0123900200
0124000000
0124102200
0133901300
0134003100
0134100100
0143900300
0144000300
0144102100
3122403300
3122501300
3122603000
3132403100
3132502000
3132601000
3142400000
3142503100
3142602100
3126902100
3127000000
3127100300
3136903200
3137000200
3137103300
3146900200
3147002100
3147102200
3641100200
3641202000
3641300300
3651102300
3651201300
3651300200
3661100200
3661203100
3661300300
4121002300
4121100200
4121201200
4131001200
4131121210
4131252000
4141000300
4141100300
4141203000
4121302100
4131300000
4141300100
