0052501000
0052600300
0052701100
0062500000
0062601300
0062701200
0072502200
0072603200
0072702000
0030601200
0030702000
0030800200
0040600200
0040702200
0040802000
0050603000
0050703100
0050803300
2051103000
2051203000
2051300000
2061102300
2061203000
2061300200
2071102000
2071200100
2071300100
4185301300
4185400000
4185501300
4195300200
4195402200
4195501200
4205302300
4205403000
4205500300
4430602000
4430701000
4430801000
4440602300
4440701000
4440802300
4450600100
4450702200
4450800000
4134901300
4135001000
4135103000
4144902000
4145000000
4145100000
4154900100
4155000200
4155100200
