2014503000
2014601000
2014702200
2024501000
2024601200
2024703200
2034500100
2034600200
2034701300
1911202000
1911302100
1911401000
1921202200
1921303200
1921402100
1931202100
1931303200
1931401000
4010702000
4010803200
4010902200
4020702100
4020800200
4020902100
4030703300
4030801100
4030902000
4827302310
4827402200
4827501100
4837302300
4837402300
4837503100
4847300200
4847402100
4847500300
2471201000
2471302100
2471400100
2481202100
2481302300
2481403000
2491202000
2491300000
2491400200
4874903000
4875001000
4875103300
4884903200
4885002300
4885101100
4894900100
4895000000
4895102100
