1432102100
1432200100
1432300000
1442100200
1442200100
1442303200
1452101000
1452202300
1452301100
1535400100
1535500200
1535601300
1545401100
1545501100
1545602200
1555400200
1555502000
1555603200
0555903000
0556003300
0556103000
0565903000
0566000000
0566101100
0575900100
0576001300
0576102300
2680500300
2680602000
2680700300
2690500100
2690601000
2690703200
2700500000
2700602000
2700702200
5035401100
5035503000
5035600100
5045401000
5045502000
5045602200
5055400100
5055502000
5055602300
2634903300
2635000200
2635100300
2644900300
2645002200
2645102200
2654902000
2655001100
2655101100
