1974902000
1975000300
1975100000
1984902000
1985001300
1985103200
1994901000
1995003200
1995101100
2071601200
2071700200
2071802300
2081603300
2081701100
2081803200
2091603100
2091703300
2091802200
0011100100
0011202000
0011300100
0021102000
0021203200
0021301100
0031100000
0031202300
0031302300
2147701100
2147800300
2147902200
2157700100
2157801200
2157901200
2167700100
2167800000
2167900200
4491601000
4491703200
4491801200
4501603000
4501701000
4501802200
4511603100
4511700300
4511801100
2094901200
2095003300
2095100100
2104903200
2105001300
2105101000
2114902300
2115003100
2115100300
