1458700300
1458801100
1458900310
1468700300
1468801000
1468900000
1478700100
1478801300
1478900200
1555400200
1555502000
1555603200
1565401300
1565500100
1565602000
1575400300
1575501100
1575603300
0534903100
0535002100
0535102200
0544903000
0545001100
0545103100
0554903000
0555003200
0555102300
2668102200
2668201300
2668302000
2678100200
2678203300
2678302100
2688103000
2688203100
2688303300
5015401100
5015502100
5015603100
5025400200
5025501200
5025603200
5035401100
5035503000
5035600100
2614903000
2615003200
2615100200
2624900000
2625002000
2625101200
2634903300
2635000200
2635100300
