2936902300
2937003300
2937102300
2946901000
2947003200
2947101200
2956902300
2957003000
2957100100
3039400100
3039500200
3039601300
3049400000
3049500300
3049600300
3059400000
3059500000
3059602200
0938900100
0939002300
0939103000
0948900100
0949001100
0949101000
0958903000
0959002300
0959102000
1184101200
1184202300
1184302000
1194100100
1194200200
1194302000
1204100100
1204203100
1204302200
3539401300
3539501000
3539602300
3549403100
3549500000
3549603100
3559400200
3559500000
3559603300
1134902100
1135000300
1135102000
1144900300
1145000200
1145103000
1154903200
1155001300
1155102200
