2036300300
2036400100
2036500000
2046303000
2046402000
2046500200
2056300000
2056400300
2056500000
1939600200
1939703100
1939800000
1949602200
1949700200
1949801100
1959600000
1959702000
1959803200
4039500000
4039602300
4039703100
4049501000
4049602300
4049700000
4059503100
4059601100
4059701200
4803500000
4803603200
4803700300
4813502100
4813600000
4813701200
4823501300
4823602300
4823702200
2459603100
2459700100
2459802200
2469600300
2469703000
2469802200
2479601000
2479702100
2479803100
4854903100
4855000000
4855100300
4864903300
4865002200
4865101100
4874903000
4875001000
4875103300
