4450702200
4450800000
4450900300
4460702300
4460803300
4460903100
4470701300
4470800300
4470901300
4554003200
4554102200
4554202000
4564001300
4564102300
4564201300
4574000000
4574103300
4574201200
2454502200
2454601000
2454702100
2464503200
2464600100
2464700000
2474501100
2474600000
2474702100
0321900100
0322001100
0322102200
0331901300
0332002000
0332101300
0341900100
0342003100
0342100200
2014003000
2014102000
2014201300
2024003100
2024103200
2024202000
2034003300
2034103100
2034203100
0374901000
0375001000
0375102100
0384900000
0385000200
0385102100
0394903200
0395001100
0395102200
