1932700000
1932801000
1932903300
1942700100
1942803100
1942901000
1952703300
1952801000
1952901000
2030400000
2030501100
2030600300
2040402100
2040503300
2040603200
2050400000
2050500200
2050603000
0050901310
0051001000
0051102300
0060901000
0061000100
0061100000
0070902200
0071003000
0071101200
2185503100
2185600100
2185702200
2195501100
2195601000
2195701200
2205501200
2205602000
2205701300
4530400000
4530501100
4530603000
4540401200
4540502300
4540602000
4550401200
4550500000
4550601000
2134902200
2135003300
2135102000
2144900000
2145000000
2145101300
2154903100
2155003000
2155101200
