0552300300
0552401200
0552503300
0562303100
0562401100
0562503200
0572301000
0572402000
0572503200
0455603100
0455701300
0455803300
0465602100
0465702300
0465803200
0475600300
0475700300
0475800200
2556103000
2556202200
2556300300
2566101300
2566203200
2566302000
2576103100
2576200100
2576301100
4680303300
4680401200
4680502300
4690303200
4690401200
4690501300
4700302200
4700402000
4700503100
3935601200
3935700300
3935800000
3945601200
3945703200
3945801200
3955603000
3955702300
3955801000
4634900100
4635000100
4635101300
4644902200
4645000200
4645100000
4654900300
4655001200
4655100000
