2450903000
2451001200
2451100300
2460903300
2461003100
2461100300
2470901300
2471002200
2471100200
2554200300
2554303300
2554402300
2564202200
2564303300
2564400200
2574200000
2574302300
2574401200
0454702000
0454803100
0454900200
0464700100
0464802100
0464903300
0474702300
0474800100
0474903200
1661702000
1661800300
1661900100
1671703000
1671803100
1671900100
1681700200
1681800200
1681901000
4014202300
4014301200
4014402000
4024200200
4024302200
4024400300
4034200200
4034302300
4034402310
1614900300
1615003000
1615101000
1624900100
1625003300
1625101300
1634903200
1635000100
1635100200
