5066180100
5066291100
5066393300
5076191300
5076241100
5076390300
5086190100
5086290000
5086390200
5394903000
5395001100
5395100000
5404902000
5405000000
5405103000
5414901200
5415003300
5415102200
4531390300
4531492300
4531593100
4541392300
4541442300
4541591300
4551390300
4551490000
4551590300
5056092300
5056190100
5056291110
5066091300
5076093100
5026193200
5026293100
5026391100
5036190100
5036292100
5036391100
5046193200
5046272100
5046390000
4975991300
4976061200
4976190000
4985993200
4986023000
4986193310
4995993300
4996091100
4996191200
