5394903300
5395001300
5395100100
5404902100
5405000300
5405103100
5414901100
5415003300
5415102000
4985993300
4986093200
4986193310
4995993300
4996061200
4996191300
5005991200
5006070310
5006193100
4541392100
4541492000
4541591000
4551390100
4551490100
4551590100
4561390300
4561491100
4561591100
5066091200
5066190100
5066291000
5076043200
5076101300
5076291300
5086040300
5086180200
5086290000
5046193000
5046292300
5046390100
5056190300
5056251210
5056393100
5066393200
5015992300
5016093200
5016191100
