1994102100
1994200000
1994300100
2004102000
2004200100
2004302300
2014102000
2014201300
2014302200
1897402300
1897502000
1897603200
1907403300
1907503200
1907602100
1917402100
1917500100
1917602100
3997901200
3998002100
3998100100
4007902200
4008002100
4008100100
4017901300
4018000200
4018103300
4841300300
4841401200
4841503200
4851300300
4851401200
4851501100
4861300000
4861401000
4861501100
2497400200
2497501100
2497600300
2507400300
2507502300
2507602300
2517402000
2517501200
2517601300
4894900100
4895000000
4895102100
4904901000
4905001000
4905103300
4914900000
4915000100
4915103100
