4479501200
4479602300
4479702000
4489500300
4489602200
4489700100
4499500100
4499600100
4499700000
4576803000
4576901200
4577002300
4586803200
4586901000
4587002200
4596802200
4596903000
4597003100
2476301300
2476401100
2476503200
2486302300
2486401200
2486503100
2496300200
2496401000
2496500200
0346700300
0346801100
0346902300
0356702100
0356802300
0356903200
0366700000
0366803200
0366902000
1996800200
1996901300
1997001300
2006802100
2006900300
2007003200
2016802100
2016901100
2017002000
0394903200
0395001100
0395102200
0404903200
0405000300
0405102300
0414902300
0415002000
0415100200
