1492402100
1492503200
1492603100
1502400300
1502503100
1502602300
1512400300
1512500300
1512602300
2892401100
2892500100
2892602100
2902401200
2902503200
2902601100
2912401000
2912502000
2912603300
3998601000
3998703310
3998802100
4008601100
4008700300
4008803300
4018601200
4018702300
4018803000
4092400300
4092531100
4092603100
4102403200
4102581300
4102603300
4112403300
4112542000
4112603000
4128600100
4128703300
4128802200
4138623000
4138701100
4138801200
4148623000
4148723200
4148802100
5045500300
5045622300
5045700300
5055502000
5055603300
5055700000
5065503100
5065623300
5065730300
