5431700000
5431802100
5431901200
5441703001
5441803300
5441903200
5451702200
5451802010
5451900000
5435002300
5435103200
5435200300
5445003100
5445101200
5445202200
5455003000
5455102200
5455200100
3435502100
3435602000
3435700000
3445503100
3445603100
3445701100
3455503300
3455601000
3455700200
1300900300
1301000200
1301101300
1310900300
1311002100
1311102100
1320900300
1321000300
1321101300
1035002100
1035102200
1035203300
1045001100
1045102000
1045202300
1055000200
1055100300
1055201200
1354900310
1355003300
1355102200
1364901200
1365003200
1365101100
1374900300
1375003100
1375100100
