4111400100
4111502100
4111622000
4121401200
4121501100
4121601100
4131400100
4131551100
4131600000
1891401300
1891500100
1891601200
1901403200
1901502200
1901601300
1911401000
1911500000
1911602100
2991901000
2992003300
2992103100
3001901300
3002003300
3002100000
3011902300
3012001300
3012101300
2642900200
2643000000
2643101200
2652901000
2653002100
2653101200
2662900200
2663000200
2663103000
3996401200
3996501000
3996603000
4006400200
4006503200
4006602200
4016403200
4016503200
4016600200
4391403000
4391501200
4391600200
4401400200
4401500000
4401601200
4411400100
4411500300
4411603300
