3531501200
3531601300
3531702300
3541500100
3541602100
3541703200
3551501000
3551600200
3551700000
3434802200
3434900200
3435000100
3444800200
3444901100
3445002200
3454800100
3454901200
3455001200
5435302100
5435402200
5435503200
5445301100
5445401100
5445500200
5455301300
5455402100
5455503200
3301101000
3301203300
3301301300
3311103300
3311200200
3311302200
3321101100
3321202200
3321303300
0954802000
0954901000
0955003000
0964800010
0964900100
0965003300
0974802000
0974900300
0975003300
3354903300
3355000200
3355103300
3364901300
3365002300
3365103100
3374901000
3375001000
3375103000
