4437900300
4438003200
4438101300
4447901200
4448003300
4448101200
4457902300
4458001000
4458103200
4534602200
4534702000
4534801200
4544600300
4544703100
4544800300
4554601100
4554703100
4554800000
2434103000
2434200100
2434300000
2444102300
2444201200
2444300200
2454101000
2454203300
2454300300
0308902000
0309002200
0309101200
0318900000
0319000200
0319103200
0328900000
0329002300
0329103200
2034600200
2034701300
2034802100
2044603100
2044702200
2044802100
2054600200
2054702200
2054802000
0354903300
0355000300
0355103100
0364902200
0365000200
0365100300
0374901000
0375001000
0375102100
