0538500200
0538601000
0538703200
0548501000
0548602000
0548701300
0558501200
0558602100
0558703000
0435200200
0435301100
0435403000
0445201300
0445301300
0445403300
0455203300
0455303300
0455400000
2534701300
2534802300
2534903300
2544701300
2544800300
2544903200
2554703000
2554802100
2554903000
4668300200
4668400300
4668503100
4678303000
4678403100
4678500300
4688301300
4688400300
4688502100
3955203200
3955303300
3955401310
3965202300
3965301200
3965403300
3975200000
3975303100
3975403000
4614902010
4615003200
4615102000
4624902300
4625003100
4625102200
4634900100
4635000100
4635101300
