5056190000
5056291310
5056393000
5066170100
5066291100
5066393300
5076191000
5076291200
5076390000
4955991300
4956092200
4956190000
4965990100
4966080300
4966192200
4975991000
4976061200
4976190300
3997402000
3997500000
3997600300
4007401000
4007503300
4007601100
4017403100
4017503200
4017602000
5056092000
5066091300
5076093100
5026193000
5026293200
5026391100
5036190000
5036242000
5036391000
5046193300
5046292000
5046390100
5394903300
5395001200
5395100300
5404902200
5405000000
5405103300
5414901000
5415003200
5415102200
