0937101200
0937203300
0937300100
0947103300
0947201000
0947302000
0957102000
0957200300
0957301300
1039201300
1039302100
1039401100
1049201000
1049301100
1049402000
1059202200
1059301000
1059402100
1058701200
1058803200
1058903100
1068703200
1068802300
1068903300
1078701300
1078802300
1078903100
3184301300
3184401100
3184501100
3194302100
3194401100
3194503200
3204301200
3204402300
3204500000
5439202000
5439302100
5439402300
5449203300
5449303000
5449400200
5459202200
5459301100
5459403300
3134900200
3135003300
3135101000
3144903000
3145001300
3145100000
3154900000
3155003100
3155103300
