0014701200
0014803200
0014903300
0024700100
0024801200
0024903000
0034702300
0034800300
0034900300
0071402300
0071501200
0071603200
0081402000
0081502100
0081600100
0091403100
0091500200
0091602200
2010902100
2011001010
2011103000
2020900100
2021003100
2021102300
2030902300
2031000200
2031101300
4147503300
4147601000
4147703000
4157502100
4157602300
4157701200
4167500300
4167600100
4167703000
4471400200
4471501100
4471601000
4481400300
4481503000
4481600300
4491401200
4491502100
4491601000
4094900300
4095002100
4095101100
4104901300
4105001300
4105101200
4114903000
4115003100
4115103300
