0623902200
0624003000
0624102300
0633902100
0634001200
0634102000
0643901200
0644003100
0644101300
3622403200
3622502000
3622602000
3632400300
3632503200
3632601300
3642402200
3642501300
3642603300
3626101200
3626202200
3626302200
3636103200
3636201100
3636302000
3646100200
3646200200
3646302000
3141102200
3141203000
3141301200
3151101200
3151203100
3151301300
3161100200
3161201200
3161302100
4121002300
4121100200
4121201200
4131001200
4131191210
4131252000
4141000300
4141100300
4141203000
4151000000
4151102000
4151203100
