3458903100
3459002000
3459101000
3468900000
3469003100
3469102100
3478900300
3479003300
3479103100
3555600100
3555703200
3555803100
3565601300
3565701300
3565803200
3575601200
3575703000
3575801200
1455100100
1455203300
1455303000
1465103300
1465202100
1465303000
1475103000
1475202100
1475302200
0667903100
0668003100
0668103100
0677901100
0678002200
0678102200
0687901300
0688000100
0688102100
3015603200
3015702200
3015800000
3025600000
3025701000
3025801100
3035603100
3035701300
3035801200
0614901200
0615000200
0615103000
0624901300
0625002100
0625102200
0634903300
0635000100
0635101000
