2995500100
2995603200
2995703300
3005500100
3005602000
3005702000
3015502300
3015603200
3015702200
2892202000
2892300100
2892403100
2902200100
2902300300
2902403200
2912200200
2912300200
2912403100
4991700200
4991802300
4991902100
5001701300
5001801300
5001900000
5011702300
5011803300
5011900300
3848301200
3848402100
3848502100
3858302300
3858403000
3858500000
3868303300
3868402000
3868500100
1492201000
1492302300
1492401100
1502203100
1502300200
1502400000
1512203200
1512302000
1512400100
3894900200
3895002300
3895101300
3904901000
3905000100
3905101100
3914900300
3915002000
3915100100
