0479700300
0479803000
0479900100
0489701100
0489802100
0489902300
0499700300
0499800200
0499903200
0576403000
0576501200
0576603200
0586400100
0586503100
0586602200
0596403300
0596500000
0596603200
1515901000
1516000300
1516103300
1525900100
1526002200
1526102000
1535902300
1536000300
1536100300
3647102200
3647203200
3647303300
3657103210
3657201200
3657300200
3667100000
3667200000
3667302200
4976402200
4976502200
4976601000
4986400300
4986502200
4986601100
4996400300
4996501300
4996602300
3594902000
3595002000
3595101100
3604901000
3605003200
3605101300
3614900300
3615001300
3615102000
