1490700300
1490801000
1490903100
1500703300
1500803300
1500901100
1510703000
1510803200
1510902200
1392400000
1392500100
1392603200
1402403000
1402501200
1402603200
1412400200
1412500000
1412601300
3492901300
3493003100
3493101100
3502902100
3503001200
3503102300
3512901300
3513001100
3513102200
5343503200
5343603000
5343703100
5353501110
5353602300
5353703100
5363500000
5363603000
5363701300
2992402300
2992500200
2992602000
3002402100
3002502100
3002600200
3012403000
3012503000
3012602000
5394900000
5395003300
5395102100
5404903000
5405002300
5405102200
5414902100
5415000200
5415103000
