3994302100
3994400000
3994503300
4004302100
4004401300
4004501300
4014301200
4014402000
4014503300
3897601000
3897702100
3897802300
3907603300
3907702100
3907800300
3917600200
3917702300
3917801300
4978100300
4978202000
4978302200
4988102000
4988200300
4988302200
4998101100
4998201000
4998300000
2841501300
2841600300
2841702000
2851503000
2851601100
2851702300
2861500300
2861603100
2861703200
0497601200
0497700200
0497803100
0507601000
0507701000
0507802200
0517603300
0517700300
0517802200
2894902000
2895003300
2895103100
2904902000
2905003100
2905101100
2914901100
2915003000
2915103100
