1015101100
1015200300
1015300200
1025100100
1025200100
1025301000
1035102200
1035203300
1035302300
0918402300
0918502300
0918600100
0928402200
0928502000
0928602000
0938400000
0938500000
0938600000
3018900300
3019000000
3019100100
3028901300
3029003100
3029102300
3038903300
3039000000
3039103000
5142300100
5142402100
5142500000
5152301200
5152403000
5152501100
5162301000
5162400000
5162500300
3478400100
3478501200
3478600100
3488401100
3488500000
3488601100
3498400000
3498501000
3498602200
5094903300
5095002100
5095102000
5104900300
5105000200
5105101000
5114900300
5115002200
5115103100
