3955702300
3955801000
3955901100
3965703200
3965802300
3965902100
3975703100
3975802200
3975903200
4059002000
4059100000
4059201100
4069000000
4069102300
4069200300
4079000300
4079101200
4079200200
1959501200
1959600000
1959702000
1969501200
1969600000
1969701300
1979500300
1979601000
1979701000
0162902200
0163003100
0163101200
0172900000
0173003300
0173101100
0182902200
0183001000
0183103000
2519002300
2519102100
2519203300
2529003300
2529103000
2529201000
2539002200
2539102000
2539201300
0114903100
0115001300
0115103200
0124903000
0125000000
0125102200
0134902300
0135001000
0135101300
