1955901300
1956003200
1956101100
1965900200
1966003300
1966100100
1975902000
1976001000
1976100000
2059203200
2059300300
2059403100
2069201100
2069303100
2069401200
2079203000
2079301300
2079402000
0039703300
0039803000
0039901300
0049701300
0049802300
0049903300
0059700000
0059800100
0059903300
2163101100
2163201000
2163301200
2173101000
2173203100
2173303100
2183100300
2183202100
2183303100
4519202000
4519303100
4519403300
4529200000
4529300300
4529400100
4539203000
4539302100
4539401300
2114902300
2115003100
2115100300
2124902000
2125002200
2125102300
2134902200
2135003300
2135102000
