4111302200
4111400100
4111502100
4121302100
4121401200
4121561100
4131300000
4131400100
4131551100
1602402100
1602502300
1602601200
1612401300
1612501100
1612601300
1622402000
1622500000
1622603300
2606902000
2607001000
2607102200
2616901300
2617000300
2617100200
2626900200
2627001300
2627103200
3612901000
3613000200
3613102000
3622902010
3623002000
3623100100
3632903300
3633001300
3633103000
4111622000
4121601100
4131600000
5394900000
5395003300
5395102100
5404903000
5405002300
5405102200
5414902100
5415000200
5415103000
