2052302000
2052400100
2052500100
2062300200
2062402300
2062502000
2072302000
2072402300
2072502200
1950802100
1950901100
1951002200
1960800200
1960902000
1961003200
1970802100
1970900300
1971003200
4051302200
4051401000
4051503200
4061303100
4061403100
4061501100
4071302200
4071402000
4071503000
4785102300
4785200100
4785303000
4795100300
4795200100
4795302200
4805100300
4805200300
4805302300
2430800000
2430900200
2431002300
2440800010
2440903200
2441001300
2450802100
2450903000
2451001200
4834900200
4835000100
4835100300
4844902000
4845003200
4845102100
4854903100
4855000000
4855100300
