1470003200
1470101200
1480003100
1480100200
1490000000
1490100110
1573201300
1573300300
1573400100
1583200300
1583302000
1583400100
1593202000
1593303200
1593400100
0513702300
0513802000
0513901000
0523703000
0523801000
0523901200
0533700200
0533802200
0533900100
2642701300
2642801200
2642900200
2652703000
2652803300
2652901000
2662703000
2662800200
2662900200
4993200100
4993300300
4993400100
5003201200
5003300300
5003401000
5013203100
5013301300
5013403200
2594902000
2595002000
2595100100
2604903300
2605002000
2605102200
2614903000
2615003200
2615100200
