2437702300
2437802000
2437901100
2447701200
2447801000
2447903100
2457700200
2457802100
2457901000
2534400200
2534500110
2534602200
2544400300
2544501200
2544601100
2554402300
2554503000
2554602300
0433900200
0434002100
0434100100
0443901100
0444002100
0444101300
0453903200
0454001100
0454100100
1689103200
1689203000
1689300200
1699100000
1699203200
1699300000
1709103200
1709201100
1709301200
4034402310
4034501100
4034601000
4044401100
4044500100
4044602000
4054402100
4054500000
4054600200
1634903200
1635000100
1635100200
1644902300
1645001300
1645103300
1654900000
1655002000
1655102100
