3519301300
3519401200
3519500200
3529303200
3529400100
3529500200
3539302000
3539401300
3539501000
3416003300
3416101200
3416201300
3426003300
3426101100
3426201300
3436000300
3436103200
3436201200
5455503200
5455601100
5455703100
5465503100
5465601000
5465700000
5475500200
5475600300
5475702300
3327500200
3327600100
3327703300
3337503100
3337600100
3337700200
3347501000
3347602000
3347701200
0976002000
0976102000
0976202210
0986002200
0986102300
0986202200
0996003100
0996102200
0996200000
3374901000
3375001000
3375103000
3384903000
3385002200
3385100000
3394900300
3395003300
3395103000
