0498900100
0499002200
0499103100
0508903300
0509001300
0509101300
0518902100
0519003300
0519103300
1622402000
1622500000
1622603300
1632402000
1632502000
1632600300
1642400100
1642500300
1642601300
2496902100
2497000000
2497100000
2506900300
2507002300
2507100300
2516903000
2517003300
2517101000
4626102300
4626200200
4626301100
4636103300
4636203200
4636303200
4646103200
4646201000
4646303000
3997402200
3997503200
3997601300
4007402300
4007500000
4007603100
4017401200
4017501300
4017602000
5124903300
5125000000
5125103100
5134900200
5135003100
5135102200
5144900100
5145003100
5145103100
