4936703000
4936803200
4936902300
4946703100
4946801200
4946903200
4956700100
4956800000
4956902000
5039602200
5039702300
5039802000
5049603100
5049700000
5049803200
5059603100
5059703300
5059802100
2939100000
2939201000
2939301100
2949103300
2949203100
2949300200
2959100300
2959202200
2959302300
0803900100
0804002000
0804101000
0813900100
0814001000
0814102300
0823903200
0824002200
0824101300
1539603100
1539703200
1539802000
1549601200
1549703200
1549800000
1559603200
1559700200
1559800300
0854900200
0855000100
0855100200
0864902000
0865003000
0865103200
0874903200
0875002100
0875100000
