1033501000
1033600000
1033701100
1043502300
1043601100
1043700300
1053503100
1053601200
1053701100
0930200100
0930300300
0930402200
0940201300
0940301000
0940400000
0950200200
0950300200
0950401100
3030101200
3030203200
3030300200
3040102100
3040202200
3040303200
3050101100
3050203300
3050302200
5166301000
5166401200
5166502100
5176301300
5176402000
5176503000
5186303300
5186401000
5186503000
3450200000
3450302200
3450400200
3460202100
3460302000
3460403300
3470202200
3470301100
3470400100
5114900300
5115002200
5115103100
5124903300
5125000000
5125103100
5134900200
5135003100
5135102200
