4499302300
4499402200
4499500100
4509303300
4509403200
4509500300
4519303100
4519403300
4519503100
4397000300
4397101200
4397201300
4407003000
4407102100
4407203100
4417002300
4417101200
4417202200
4476500100
4476603000
4476702100
4486501200
4486601000
4486703200
4496501000
4496602100
4496700000
2346501100
2346603300
2346702000
2356500200
2356602200
2356703200
2366500300
2366601100
2366700000
0007002000
0007103300
0007202000
0017002100
0017103100
0017203100
2394901000
2395000200
2395103000
2404901300
2405003300
2405102200
2414902100
2415003200
2415101300
