5470303200
5470402100
5470500300
5480302200
5480401100
5480501000
5490302200
5490403100
5490503100
5392802100
5392901100
5393001100
5402802100
5402900100
5403000300
5412800100
5412903300
5413000200
3473300100
3473403000
3473500000
3483301000
3483402300
3483501200
3493301300
3493403300
3493503300
1343103100
1343201200
1343300000
1353102000
1353203000
1353300300
1363103300
1363200300
1363301100
0992802100
0992900300
0993000200
1002800100
1002902100
1003002100
1012800200
1012903200
1013003100
1394902100
1395000100
1395103200
1404901200
1405003200
1405101000
1414902000
1415000000
1415103200
