2974701300
2974802100
2974900300
2984700200
2984801300
2984901100
2994703300
2994801100
2994903000
3078001200
3078102300
3078200200
3088002300
3088100100
3088202100
3098000100
3098101200
3098202000
0978503000
0978603300
0978702000
0988501300
0988601200
0988703100
0998502000
0998602200
0998703300
1141903200
1142001300
1142101300
1151901300
1152000300
1152100200
1161901000
1162001300
1162102300
3498003100
3498100200
3498202100
3508001300
3508101200
3508202200
3518001100
3518101000
3518201300
1094901000
1095002200
1095103000
1104903300
1105002100
1105102200
1114902300
1115000200
1115102100
