2953903000
2954003000
2954102100
2963901200
2964002100
2964101000
2973903200
2974001000
2974102000
3050603200
3050703200
3050802300
3060601300
3060702300
3060800000
3070600300
3070703000
3070800100
0950102100
0950200200
0950300200
0960101300
0960202200
0960303000
0970103200
0970201300
0970300200
1166702200
1166802300
1166902100
1176701100
1176803100
1176903200
1186700100
1186800300
1186900000
3510603300
3510702200
3510803100
3520600100
3520702300
3520802200
3530603000
3530701200
3530801100
1114902300
1115000200
1115102100
1124901100
1125001100
1125102100
1134902100
1135000300
1135102000
