3431900000
3432002300
3432103200
3441902200
3442000100
3442102300
3451902100
3452003300
3452102000
3535201300
3535302000
3535403300
3545202310
3545301200
3545403100
3555203300
3555302300
3555401200
1435701200
1435803000
1435902000
1445700100
1445803000
1445901000
1455702000
1455800300
1455901300
0680701200
0680801300
0680903100
0690703200
0690800000
0690903200
0700700200
0700802200
0700903300
3035203000
3035302300
3035401000
3045200000
3045301200
3045401000
3055200000
3055301200
3055403100
0634903300
0635000100
0635101000
0644900300
0645003300
0645103100
0654901300
0655000200
0655102200
