3975102000
3975200000
3975303100
3985101200
3985202100
3985302200
3995102000
3995201000
3995302300
4071802300
4071901000
4072000300
4081802000
4081902300
4082001100
4091800000
4091902300
4092001000
1971300200
1971401100
1971500000
1981301000
1981400200
1981500300
1991301200
1991402200
1991500300
0147903000
0148001200
0148102300
0157900000
0158002000
0158101300
0167901000
0168003100
0168102000
2491803200
2491903000
2492003100
2501800300
2501903000
2502001000
2511803200
2511901200
2512002200
0094900300
0095000200
0095103200
0104901200
0105003300
0105103000
0114903100
0115001300
0115103200
