4954102310
4954201100
4954301100
4964102000
4964202300
4964302200
4974102000
4974201100
4974303300
5050803300
5050903300
5051001000
5060801200
5060902200
5061002000
5070800000
5070901000
5071000000
2950301200
2950401300
2950500200
2960303000
2960403200
2960501300
2970301200
2970401200
2970501000
0826900100
0827002000
0827102300
0836901000
0837000200
0837102200
0846900300
0847000300
0847101100
1510803200
1510902200
1511000300
1520803000
1520900300
1521003300
1530801000
1530902300
1531003100
0874903200
0875002100
0875100000
0884902300
0885002000
0885100100
0894900100
0895000300
0895102100
