5056190000
5056291310
5056393100
5066180100
5066291200
5066393300
5076191100
5076271000
5076390000
4965990100
4966090000
4966192200
4975991200
4976041000
4976190300
4985993000
4986073100
4986193210
4492402100
4492502200
4492602100
4502402100
4502501300
4502603100
4512402200
4512501200
4512602000
5056092200
5066091200
5076093100
5026193300
5026293200
5026391100
5036190000
5036292100
5036391300
5046193200
5046292200
5046390100
5394903300
5395001000
5395100000
5404902000
5405000200
5405103200
5414901300
5415003200
5415102100
