0974900300
0975003300
0975100000
0984903000
0985000300
0985103300
0994903300
0995002200
0995102300
1078202100
1078300300
1078401200
1088200100
1088302100
1088402000
1098201200
1098301000
1098400000
1018703200
1018802300
1018900100
1028701000
1028803300
1028903200
1038700100
1038801300
1038903000
3142100200
3142201000
3142303000
3152102200
3152200000
3152302100
3162101200
3162201300
3162302300
5478200100
5478300300
5478400110
5488202100
5488303300
5488400110
5498201000
5498301200
5498400000
3094900100
3095001110
3095103100
3104901100
3105003000
3105101200
3114900200
3115000000
3115101000
