4036503300
4036602300
4036703200
4046503200
4046600200
4046703000
4056501100
4056602300
4056701200
3939801100
3939901000
3949800200
3949902100
3959801200
3959902000
4939300200
4939401100
4939501100
4949303300
4949401100
4949503300
4959302300
4959400300
4959500200
2803702300
2803802000
2803900300
2813702100
2813801000
2813902300
2823702300
2823801300
2823902300
0459801000
0459900000
0469803100
0469901000
0479803000
0479900100
2854901200
2855000100
2855101100
2864903200
2865003000
2865102200
2874901100
2875000200
2875102100
