5033103300
5033200300
5033301100
5043103100
5043201100
5043302000
5053103100
5053203300
5053303200
4930003000
4930103300
4930203200
4940002300
4940101000
4940201000
4950001200
4950100200
4950200200
3930502000
3930601100
3930702200
3940501300
3940601200
3940703100
3950500100
3950600200
3950702300
1805900300
1806000300
1806102000
1815900100
1816000200
1816102000
1825903200
1826002000
1826102300
0530001300
0530103000
0530202300
0540000000
0540102300
0540203300
0550001100
0550102000
0550200300
1854900200
1855001100
1855102100
1864902000
1865001000
1865101100
1874901100
1875001200
1875103300
