4541242000
4541322000
4541442200
4551250200
4551330000
4551470000
4561263200
4561370100
4561471000
5394903100
5395001100
5395100200
5404902100
5405000000
5405103000
5414901100
5415003200
5415102300
4046202100
4046300300
4046403000
4056202100
4056302100
4056402000
4066200100
4066303300
4066403300
4541102000
4551121010
4561131200
4966152100
4966222000
4966322200
4976190100
4976260100
4976302000
4986143010
4986243200
4986301200
5005800200
5005921000
5006040010
5015801300
5015902000
5016093100
5025821100
5025932000
5026091100
