3992402100
3992501100
3992600100
4002401300
4002500300
4002603100
4012403200
4012502200
4012602200
4102403200
4102531000
4102603300
4112453000
4112552000
4112603200
4122401000
4122523300
4122602100
3997402100
3997500100
3997600000
4007401100
4007503100
4007601300
4017403200
4017503100
4017602200
4208623200
4208703100
4208821300
4218631300
4218700200
4218803200
4228602300
4228733000
4228801300
4103603200
4103703100
4103800200
4113603100
4113702300
4113800200
4123603300
4123700100
4123800200
5056201110
5056323000
5056402200
5066241100
5066373200
5066480100
5076201100
5076300000
5076451100
