4121401200
4121501100
4121601100
4131400100
4131551100
4131600000
4141491200
4141590000
4141601000
2391400100
2391500300
2391601200
2401400100
2401502300
2401603000
2411401100
2411503100
2411603200
3491402200
3491501200
3491601200
3501402200
3501501000
3501600000
3511401100
3511500100
3511603100
3141402100
3141500200
3141601100
3151400000
3151501000
3151601000
3161402000
3161502100
3161603100
3997402200
3997503200
3997601300
4007402300
4007500000
4007603100
4017401200
4017501300
4017602000
4151401000
4151500200
4151602200
