4995300000
4995403300
4995502300
5005302300
5005403100
5005501100
5015301100
5015401100
5015502100
4892001200
4892100100
4892202100
4902001100
4902102100
4902201200
4912003300
4912101100
4912201000
3971501200
3971601300
3971701000
3981501100
3981602000
3981703300
3991503000
3991603300
3991702000
1848101200
1848201000
1848302300
1858103300
1858200300
1858303100
1868101100
1868200000
1868302200
0492002200
0492102000
0492202000
0502003200
0502102200
0502203300
0512001100
0512101200
0512203300
1894902200
1895002000
1895103300
1904903100
1905002100
1905102300
1914901000
1915000000
1915101100
