2479702100
2479803100
2479903100
2489700200
2489801100
2489902000
2499701300
2499803100
2499901100
2576603100
2576701000
2576803100
2586600000
2586700300
2586802300
2596603000
2596702100
2596803200
0476100010
0476202200
0476303200
0486100200
0486203000
0486301000
0496101200
0496203000
0496302200
1646903000
1647001100
1647100200
1656900200
1657000200
1657102300
1666903100
1667001200
1667100100
3996603000
3996703300
3996801200
4006602200
4006702300
4006802100
4016600200
4016702100
4016803100
1594900000
1595001100
1595103000
1604900300
1605000000
1605100100
1614900300
1615003000
1615101000
